1792
386
-3349
-744
2418
2059
-2474
-320
-3345
-693
-4163
-2204
2580
241
185
1951
1747
1638
3874
-4417
3230
-1244
-2010
-4507
304
-2221
-540
-251
-4029
-4718
2143
3006
2257
-4119
4759
4110
-4096
-2062
1574
-3009
3401
-3727
2177
-4743
-3888
-4706
-1705
691
2291
-564
-1175
4158
-4105
-185
-3703
-2323
54
-2878
2774
293
3202
423
-2250
-476
-2889
4960
-4187
-2980
2247
574
4875
4973
1977
1906
-2159
3782
-699
2128
-495
1803
-2193
-2199
-4159
1154
3300
-359
177
-2901
2644
4422
-3142
944
2730
880
-149
-859
1391
118
-2922
1098
138
781
-990
-2810
-3409
-4065
1381
-4805
4500
1116
-4791
720
4344
268
-1421
2224
-1891
-1682
1095
1372
-2141
1847
625
3405
7
-4905
2820
-4693
-3568
-458
-4908
-155
1791
-231
-4376
-3487
3203
942
3465
2182
1142
-4025
997
2413
-1264
-2479
-1649
-1104
645
3850
-4779
2449
213
-4575
2916
-3877
-3621
3538
36
117
-1908
4166
-237
4199
3502
-3737
2642
-1377
1201
-4419
4043
2504
-2169
3645
2692
221
-3400
1053
1962
-2671
3316
-2663
2369
4592
-1843
143
668
3162
-3161
-464
-3975
-451
2222
2855
-247
-3914
2174
-4852
473
-1685
-132
1259
1077
2582
-3852
-2271
4948
-3603
162
-1251
339
-3788
-3192
4477
-3146
1409
2141
-3857
4198
4162
598
440
2720
-4026
-235
1393
1194
3809
4322
2458
3609
-3274
2432
-184
161
-4962
2798
764
-795
-1177
2063
1885
1019
-2201
2685
672
-4170
3133
1012
-2911
1235
4619
608
-892
3958
-4864
3112
-3371
3322
3435
4466
-4272
-4730
-1568
-493
-1286
3389
4831
-4894
1243
387
4520
-1047
2817
2572
-129
-4703
-1418
3873
-307
-1887
-4533
3399
862
-508
2307
228
4686
-974
614
1037
-310
-3555
4639
-1749
-3822
2657
3340
2864
-2098
2331
-1896
3799
4438
4876
3870
-4902
4546
-3428
-615
-3000
-2205
-1991
3190
-4529
1326
-3734
-4155
1745
-3326
2400
-3808
2854
2403
478
3677
-3016
96
2656
1188
-1795
1198
4554
4717
3051
3005
372
-1329
-3489
24
430
-2084
-4943
3485
4436
-4483
1230
4725
707
2410
-1252
4509
-4023
-364
-3127
3572
-117
1475
-2568
2411
29
-1981
-271
1723
39
2138
-4546
-3766
-1453
4811
3305
2699
4989
-3316
-3529
1894
4332
1075
4741
-2155
-1322
2353
1179
-2287
3240
-4287
-4557
3602
3727
-4047
-4269
-3600
-824
-4635
751
-2340
4340
3120
1583
658
-1758
-2172
4168
4495
-2059
3355
-376
4584
4892
2124
3149
4305
4761
-3605
371
4748
2715
-989
-1426
-3874
-3128
-4573
-3865
-2456
-1271
-4262
-3004
2295
359
-1762
-2512
-84
-494
-1221
3256
315
-3644
-3122
-4127
1102
-2130
-4112
369
4945
-926
-2330
2522
-4959
233
4186
-4589
-3883
-1422
626
680
2319
1568
-2732
-3611
-1119
-1952
2481
-1201
-4445
3758
-3162
-1971
643
43
-197
-3733
-2389
-2049
-982
3228
-470
-4222
237
3406
306
-4185
-1284
1469
383
-1307
-3987
-3645
-999
4041
-3832
-3739
-1113
400
-1569
4784
-506
3445
4661
-3653
1866
2759
2237
2970
2416
3105
-4784
4389
2289
-3470
-2756
1892
-3391
-4617
2329
-2742
-478
1049
57
-2312
3467
-3144
-3809
-2220
-4992
1222
202
1132
-4280
-3299
-2849
868
3667
-855
3718
-4684
1716
-472
1265
-3706
3189
-2424
-3185
-4766
-2974
-3346
-330
3398
-100
3446
-4713
-1376
-694
2204
1039
4719
-1968
-3454
4953
-3119
-3306
-1343
-3288
-2881
-3979
231
4673
1693
-4420
4827
-569
-3708
2039
-3938
-3070
2468
-256
495
-2023
-3222
-1145
-3701
-1777
-1966
4036
-2146
568
3458
-2092
-3013
-2897
-4233
-1363
1543
4449
-1239
4127
3847
3144
3108
4654
-1247
55
3751
-1137
-2861
-4871
-3616
-4656
2459
-4964
-2701
-4707
2597
2569
-4484
1253
-1730
1790
3156
-4869
-2186
3528
600
-175
-4469
1556
2719
-4907
-1062
2588
1356
488
-4737
4020
4059
1901
2612
-1132
1843
-2396
789
1750
-575
-2582
-2245
1207
-4081
4553
2401
245
886
3440
-90
2398
2818
-3492
-4554
3802
-4530
-2965
-4148
3127
-4308
-832
-160
2288
-443
-2661
2075
-3422
-3231
-4184
-3121
-4787
-3272
2317
-4917
-1432
3705
-4393
-1710
1331
-1716
-3510
-921
1158
-4584
895
-1171
-9
4820
4081
1773
-3691
-3348
-3571
-4402
-1851
-1864
-4985
-2527
2155
-4090
800
1961
-1320
-2653
4634
2563
-835
4295
-1398
-2225
3620
-406
1634
-1639
1870
-917
1470
3130
-2019
2990
-2823
-2584
3584
3022
1794
-168
-1997
-2441
433
-2121
1985
4991
-4547
1864
921
3879
2326
-4306
-3022
-2518
-1468
2362
2261
3907
-4471
4170
2220
1208
520
864
-2495
2199
2561
-574
3308
1118
925
3941
-4759
4144
2455
-2977
3654
-4325
-3270
-2387
-4927
2083
1144
435
-3361
-2677
-4990
-1059
-3085
2339
253
2200
-3802
-3892
-4432
2733
-1796
-258
1103
-3615
71
-2067
1181
4777
-1772
-2425
-3213
4479
3287
-4569
2146
4082
-712
-4954
2956
-1389
3285
-870
-382
3307
-1564
-439
3797
1697
-2244
3744
-1281
1129
-802
2248
2532
-3880
-1613
2441
2490
-1586
-4195
139
4914
1785
2627
2068
-4654
-1547
-532
3441
4932
-1407
2776
591
-2848
4111
825
-971
3448
1663
-3099
-205
3289
-920
-3773
3400
-3459
549
151
1464
2861
2556
-3537
4429
4060
-3657
4718
4697
-2471
-196
4194
201
-595
3530
-4447
-3367
1090
1904
3175
-3023
-3729
4217
2946
-3059
2552
3760
4138
-3200
-1209
3056
1842
-14
2904
1755
703
4825
2508
1309
4136
2814
1594
-2855
-4468
628
-638
-3011
840
-1812
1588
-342
-905
-1318
-1683
533
-1614
1941
-1467
1780
1489
3865
-3772
-2207
1915
4242
-254
-52
-1924
-1515
-4682
-3302
-511
4564
-1648
-65
2185
3337
-538
-4806
3735
-1879
-2297
-2686
1922
4283
-3702
-3223
-4443
-2596
2888
-3336
530
2238
-1149
-3047
95
3920
-1766
4264
-2882
-4121
770
3107
4037
-3881
-2430
1302
2564
296
1959
4408
1249
-4388
-2279
-684
-766
-1875
-3834
-3720
-852
1410
427
3206
3484
2328
-3818
4040
-2547
4181
-3899
4737
-663
3259
522
2189
-818
-2100
1524
-2372
61
1297
-664
-2705
-3296
-3474
-4523
4987
-3686
4333
4963
3473
-2925
-2870
1058
-2429
3496
-3443
-3106
3059
-252
-4492
-3061
-2493
1042
1645
2427
-3111
-182
-3381
-1159
243
953
-3692
-4646
1045
4279
1155
-4867
-3570
215
4461
4394
-207
4947
754
-2011
2725
4556
538
-1235
4764
-3561
-627
-3313
4151
-530
4255
-1719
4010
-3285
2754
1088
-1378
-3071
2315
1917
298
3805
1407
3624
-1150
-3756
1146
-4650
-2499
2809
4228
-265
-3821
1681
181
-2395
-1128
-1881
-2270
3477
3208
4740
-2369
-4043
-4912
-2913
-1708
728
-585
3093
-1340
-3658
-787
-594
1043
-671
2625
2330
2781
-3728
3268
-619
4864
3989
226
1781
2493
-444
-1902
-1661
3700
-3182
2433
-101
3341
-3271
-821
-4072
-2359
2405
2350
-3239
-4014
4687
2637
1822
-1561
3963
3668
1714
-844
510
-2143
604
2227
156
4799
2133
1529
2192
-1226
-4015
3923
537
-2215
3789
3201
3723
-133
-4561
-1125
289
-1933
-2145
1948
-366
-1659
-3707
-4426
-865
3666
-2096
939
-2390
-741
2902
258
3177
-1541
833
-285
-1507
-947
-4435
2766
-4771
-1846
-4578
-4882
-1248
919
-2521
-1778
-3155
2095
-4568
-140
-1785
-966
1557
-4701
42
-3580
-1663
-2157
4498
-2191
-689
-3175
3288
-1653
-4174
763
3628
425
-3156
4885
355
-2821
1771
-28
-2648
3378
1682
108
3605
2813
3237
4022
1884
-4560
-2178
4486
-1044
-4966
564
-2394
-2442
-1849
1636
-3202
2799
-3585
1367
2160
4382
-736
1040
3508
1756
-898
-1350
1873
-4601
-3210
1795
-3812
-417
-1932
-248
1068
-3196
2745
2979
-4919
-2234
-4042
2067
4061
1061
-3637
1015
2961
3599
-1041
-890
2996
-4349
-509
-1718
-4807
985
-3482
2839
-3652
205
-4315
-2480
-2856
2803
1316
2786
-3924
-3835
-4319
-4540
-2277
-3035
-2777
-2194
-1543
3344
1459
-1871
3012
-719
4662
-3252
4767
494
3226
-2752
738
-2365
4157
-518
2912
-3015
-3050
1087
-3933
-1388
3304
1491
-3049
3690
-3748
2511
-4574
-2814
-580
3682
103
900
-2760
2299
-2941
239
-95
354
909
682
619
-491
-1202
-1514
-2240
-2039
-1907
-2645
1324
-4160
-2386
3637
1644
-3917
2993
-601
-2766
-765
4572
-3236
3433
-2051
-3254
-1133
1488
4789
155
-2041
-3149
3734
-1979
-700
-1050
-4124
-4074
-2623
-4101
4288
4796
3147
766
4178
-3214
2431
-3758
412
-4314
-1679
2277
3135
-1413
-420
4179
697
3860
1120
823
-4411
2784
959
3943
4998
-3646
-1602
-2543
1044
3150
1500
-4336
4402
-1227
-3455
-70
4080
3122
-3496
-3777
-661
1637
4804
-1805
-233
-4909
-1100
-1965
-4475
882
-1430
4013
-1277
-3347
1148
3323
2451
1501
-4384
-742
-2061
-628
3428
1454
-781
-2507
3875
-4339
-2819
3537
2953
1210
19
917
-276
3252
3615
-4385
-991
-2966
-3569
-3576
-1451
-4881
-4614
2923
4755
-380
-43
-3258
-635
1023
-111
-4079
4218
-1888
2479
-1591
-2950
-2402
1219
-1892
236
4103
-2772
-3007
-2598
-3869
-4489
1779
-4400
-1344
-429
-984
486
-1537
-1629
3490
2157
-4883
-4853
3033
1658
3370
1314
-1542
4230
-2875
793
1380
-2729
360
-3677
1461
3622
-2775
-2284
2505
4155
-4228
-3410
4949
1963
3692
-2738
-1511
-1915
-1107
4493
-4278
683
-943
-4672
-469
-790
88
2191
4370
-3698
2050
-3945
-2256
-3866
4445
2381
-3062
4434
4508
-994
-2905
-1270
4726
-1017
681
-2781
2499
-4237
-4271
3845
4404
-629
-4885
-349
4160
-2126
4099
1351
-3312
-1792
3993
3136
-4609
966
2058
482
1929
2286
-4775
4388
-3981
-4952
-2797
-895
-4823
-3100
-1677
4315
-4087
-3273
4011
399
-1665
4327
4191
2874
1050
4031
-897
-203
-4066
-2197
-4892
4357
-973
-2533
3293
4233
-4131
1386
1180
195
4430
-4811
4679
-341
698
-3747
565
3939
2599
-626
-2832
149
2480
2022
-1605
-1657
-2255
1443
-1773
-4454
4754
469
-1681
-4928
-1263
-2721
-4284
655
474
-2231
-1839
-2133
3560
-2906
-2683
2475
2394
4386
-514
3394
4667
-1782
1648
-2995
4775
3555
2170
4722
406
1768
-3358
991
216
1473
-1442
3036
4723
-807
-1327
1252
-4514
-1250
-4257
420
2456
-1435
-4934
-3778
-3351
2884
-1036
3814
-282
3545
-3848
4660
-2728
4839
1686
1930
946
-782
4134
466
4248
-2844
2136
4836
4468
1703
-3246
-4527
-3043
4904
3787
2815
-3876
906
2380
254
-1815
-4653
4961
-4967
-4036
74
4300
-2640
-4071
3526
-2577
3516
-4993
3994
-4720
-4847
-3556
-3928
-687
-2885
-4033
-4741
-4394
-2432
2794
-2129
1782
4072
-3906
3302
3791
1679
-456
2096
-1014
3957
2575
-4201
2476
-2450
-2440
3393
4774
3478
2779
2242
2746
-2455
1577
2633
-4490
382
-1011
-3317
3303
1604
3411
2020
1946
3349
874
-2132
2835
193
-3504
-955
1452
3027
-2498
4480
3924
-3095
611
2171
2004
2334
1840
1582
-4464
-3181
1298
-4622
-1993
-189
-1865
3820
2105
-321
-4321
2486
-4045
-1035
3604
4150
3570
3002
-3370
1022
-3699
-759
-4365
273
-3962
-3974
-2006
3728
-94
4265
-4628
2937
-2238
615
3065
-611
-2820
978
2478
-4265
350
-3179
4969
-709
343
-37
-4478
-2884
1576
3918
-4690
224
-1330
3204
-2190
2445
194
-2140
-217
4921
-997
-1356
-1399
-2954
-2016
-4542
4203
-3308
-323
-3350